Itr	lowerbound	upperbound	midpoint	f(midpoint)	abserror	relerror	order
 1	0.000000	3.000000	0.048195	0.948264	0.000000	0.000000	0.000000
 2	0.048195	3.000000	0.095617	0.890222	0.047421	62.246603	-0.360356
 3	0.095617	3.000000	0.142276	0.825867	0.046659	0.495951	0.994716
 4	0.142276	3.000000	0.188186	0.755194	0.045910	0.327950	0.994744
 5	0.188186	3.000000	0.233358	0.678204	0.045172	0.243960	0.994771
 6	0.233358	3.000000	0.277804	0.594895	0.044446	0.193575	0.994798
 7	0.277804	3.000000	0.321537	0.505273	0.043732	0.159992	0.994825
 8	0.321537	3.000000	0.364567	0.409343	0.043030	0.136011	0.994852
 9	0.364567	3.000000	0.406905	0.307113	0.042339	0.118030	0.994878
10	0.406905	3.000000	0.448564	0.198593	0.041658	0.104050	0.994904
11	0.448564	3.000000	0.489553	0.083796	0.040989	0.092871	0.994930
12	0.489553	3.000000	0.529883	-0.037265	0.040331	0.083728	0.994956
13	0.489553	0.529883	0.490201	0.081915	-0.039683	0.076112	0.994981
14	0.490201	0.529883	0.490838	0.080063	0.000638	-0.080952	0.438552
15	0.490838	0.529883	0.491465	0.078239	0.000627	0.001299	0.997804
16	0.491465	0.529883	0.492083	0.076442	0.000617	0.001276	0.997809
17	0.492083	0.529883	0.492690	0.074672	0.000607	0.001254	0.997813
18	0.492690	0.529883	0.493287	0.072929	0.000598	0.001233	0.997818
19	0.493287	0.529883	0.493875	0.071212	0.000588	0.001211	0.997823
20	0.493875	0.529883	0.494454	0.069520	0.000578	0.001190	0.997828
21	0.494454	0.529883	0.495023	0.067855	0.000569	0.001170	0.997832
22	0.495023	0.529883	0.495583	0.066214	0.000560	0.001150	0.997837
23	0.495583	0.529883	0.496134	0.064599	0.000551	0.001130	0.997842
24	0.496134	0.529883	0.496676	0.063008	0.000542	0.001111	0.997846
25	0.496676	0.529883	0.497210	0.061441	0.000533	0.001092	0.997851
26	0.497210	0.529883	0.497735	0.059898	0.000525	0.001073	0.997856
27	0.497735	0.529883	0.498251	0.058378	0.000516	0.001055	0.997860
28	0.498251	0.529883	0.498759	0.056881	0.000508	0.001037	0.997865
29	0.498759	0.529883	0.499259	0.055408	0.000500	0.001019	0.997869
30	0.499259	0.529883	0.499751	0.053956	0.000492	0.001002	0.997874
31	0.499751	0.529883	0.500235	0.052527	0.000484	0.000984	0.997878
32	0.500235	0.529883	0.500712	0.051120	0.000476	0.000968	0.997883
33	0.500712	0.529883	0.501180	0.049734	0.000469	0.000951	0.997887
34	0.501180	0.529883	0.501641	0.048369	0.000461	0.000935	0.997892
35	0.501641	0.529883	0.502095	0.047025	0.000454	0.000919	0.997896
36	0.502095	0.529883	0.502542	0.045702	0.000446	0.000904	0.997901
37	0.502542	0.529883	0.502981	0.044399	0.000439	0.000888	0.997905
38	0.502981	0.529883	0.503413	0.043116	0.000432	0.000873	0.997909
39	0.503413	0.529883	0.503838	0.041853	0.000425	0.000859	0.997914
40	0.503838	0.529883	0.504257	0.040609	0.000418	0.000844	0.997918
41	0.504257	0.529883	0.504668	0.039384	0.000412	0.000830	0.997922
42	0.504668	0.529883	0.505073	0.038178	0.000405	0.000816	0.997927
43	0.505073	0.529883	0.505472	0.036991	0.000399	0.000802	0.997931
44	0.505472	0.529883	0.505864	0.035822	0.000392	0.000789	0.997935
45	0.505864	0.529883	0.506250	0.034671	0.000386	0.000775	0.997939
46	0.506250	0.529883	0.506630	0.033538	0.000380	0.000762	0.997944
47	0.506630	0.529883	0.507003	0.032422	0.000374	0.000749	0.997948
48	0.507003	0.529883	0.507371	0.031323	0.000368	0.000737	0.997952
49	0.507371	0.529883	0.507733	0.030242	0.000362	0.000724	0.997956
50	0.507733	0.529883	0.508088	0.029177	0.000356	0.000712	0.997961
51	0.508088	0.529883	0.508439	0.028129	0.000350	0.000700	0.997965
52	0.508439	0.529883	0.508783	0.027097	0.000345	0.000689	0.997969
53	0.508783	0.529883	0.509122	0.026080	0.000339	0.000677	0.997973
54	0.509122	0.529883	0.509456	0.025080	0.000334	0.000666	0.997977
55	0.509456	0.529883	0.509784	0.024095	0.000328	0.000655	0.997981
56	0.509784	0.529883	0.510107	0.023126	0.000323	0.000644	0.997985
57	0.510107	0.529883	0.510424	0.022171	0.000318	0.000633	0.997989
58	0.510424	0.529883	0.510737	0.021232	0.000313	0.000622	0.997993
59	0.510737	0.529883	0.511045	0.020307	0.000308	0.000612	0.997997
60	0.511045	0.529883	0.511347	0.019396	0.000303	0.000602	0.998001
61	0.511347	0.529883	0.511645	0.018500	0.000298	0.000592	0.998005
62	0.511645	0.529883	0.511938	0.017617	0.000293	0.000582	0.998009
63	0.511938	0.529883	0.512226	0.016748	0.000288	0.000572	0.998013
64	0.512226	0.529883	0.512510	0.015893	0.000284	0.000563	0.998017
65	0.512510	0.529883	0.512789	0.015051	0.000279	0.000553	0.998021
66	0.512789	0.529883	0.513064	0.014223	0.000275	0.000544	0.998025
67	0.513064	0.529883	0.513334	0.013407	0.000270	0.000535	0.998029
68	0.513334	0.529883	0.513600	0.012604	0.000266	0.000526	0.998033
69	0.513600	0.529883	0.513861	0.011814	0.000262	0.000518	0.998037
70	0.513861	0.529883	0.514119	0.011035	0.000257	0.000509	0.998040
71	0.514119	0.529883	0.514372	0.010270	0.000253	0.000501	0.998044
72	0.514372	0.529883	0.514621	0.009516	0.000249	0.000492	0.998048
73	0.514621	0.529883	0.514866	0.008773	0.000245	0.000484	0.998052
74	0.514866	0.529883	0.515108	0.008043	0.000241	0.000476	0.998056
75	0.515108	0.529883	0.515345	0.007324	0.000237	0.000468	0.998059
76	0.515345	0.529883	0.515579	0.006616	0.000234	0.000461	0.998063
77	0.515579	0.529883	0.515808	0.005919	0.000230	0.000453	0.998067
78	0.515808	0.529883	0.516034	0.005234	0.000226	0.000446	0.998071
79	0.516034	0.529883	0.516257	0.004559	0.000222	0.000438	0.998074
80	0.516257	0.529883	0.516476	0.003894	0.000219	0.000431	0.998078
81	0.516476	0.529883	0.516691	0.003240	0.000215	0.000424	0.998082
82	0.516691	0.529883	0.516903	0.002597	0.000212	0.000417	0.998085
83	0.516903	0.529883	0.517112	0.001963	0.000209	0.000410	0.998089
84	0.517112	0.529883	0.517317	0.001339	0.000205	0.000403	0.998093
85	0.517317	0.529883	0.517519	0.000726	0.000202	0.000397	0.998096
86	0.517519	0.529883	0.517717	0.000121	0.000199	0.000390	0.998100
87	0.517717	0.529883	0.517913	-0.000473	0.000195	0.000384	0.998104
88	0.517717	0.517913	0.517721	0.000112	-0.000192	0.000377	0.998107
89	0.517721	0.517913	0.517724	0.000102	0.000003	-0.000371	0.674396
90	0.517724	0.517913	0.517727	0.000093	0.000003	0.000006	0.998725
91	0.517727	0.517913	0.517730	0.000084	0.000003	0.000006	0.998727
92	0.517730	0.517913	0.517733	0.000075	0.000003	0.000006	0.998728
93	0.517733	0.517913	0.517736	0.000066	0.000003	0.000006	0.998730
94	0.517736	0.517913	0.517738	0.000058	0.000003	0.000006	0.998732
95	0.517738	0.517913	0.517741	0.000049	0.000003	0.000006	0.998733
96	0.517741	0.517913	0.517744	0.000041	0.000003	0.000005	0.998735
97	0.517744	0.517913	0.517747	0.000033	0.000003	0.000005	0.998736
98	0.517747	0.517913	0.517749	0.000024	0.000003	0.000005	0.998738
99	0.517749	0.517913	0.517752	0.000016	0.000003	0.000005	0.998740
100	0.517752	0.517913	0.517755	0.000009	0.000003	0.000005	0.998741
101	0.517755	0.517913	0.517757	0.000001	0.000003	0.000005	0.998743
102	0.517757	0.517913	0.517760	-0.000007	0.000003	0.000005	0.998744
103	0.517757	0.517760	0.517757	0.000001	-0.000002	0.000005	0.998746
104	0.517757	0.517760	0.517757	0.000001	0.000000	-0.000005	0.757641
105	0.517757	0.517760	0.517757	0.000000	0.000000	0.000000	0.999051
106	0.517757	0.517760	0.517757	0.000000	0.000000	0.000000	0.999052
107	0.517757	0.517760	0.517757	0.000000	0.000000	0.000000	0.999053
108	0.517757	0.517760	0.517757	0.000000	0.000000	0.000000	0.999053
109	0.517757	0.517760	0.517757	0.000000	0.000000	0.000000	0.999054
110	0.517757	0.517760	0.517757	-0.000000	0.000000	0.000000	0.999055
111	0.517757	0.517757	0.517757	0.000000	-0.000000	0.000000	0.999056
