 1 1.359141 0.493258 -3.496209 0.372626 738.659431
 2 0.986515 0.409411 -1.210976 0.167694 0.552852
 3 0.818821 0.376482 -0.414047 0.065856 0.656408
 4 0.752965 0.364287 -0.144539 0.024390 0.732522
 5 0.728575 0.359872 -0.051160 0.008831 0.785198
 6 0.719744 0.358286 -0.018218 0.003171 0.821990
 7 0.716573 0.357719 -0.006503 0.001135 0.848514
 8 0.715438 0.357516 -0.002323 0.000406 0.868323
 9 0.715032 0.357443 -0.000830 0.000145 0.883606
10 0.714887 0.357417 -0.000297 0.000052 0.895729
11 0.714835 0.357408 -0.000106 0.000019 0.905570
12 0.714816 0.357405 -0.000038 0.000007 0.913717
